
100
200
210
220
230
240
250
270
280
290
310
312
314
316
318
350
352
354
356
358
370
372
374
376
378
392
394
396
398
410
412
414
416
418
432
434
436
438
452
454
456
458
470
472
474
476
478
482
510
512
514
516
518
530
532
534
536
538
546
550
552
554
556
558
562
564
566
570
572
574
576
578
580
592
594
596
598
632
634
660
662
668
692
710
712
714
716
718
722
724
728
730
734
736
738
744
746
750
752
754
756
758
760
762
766
768
770
772
774
776
778
790
792
794
796
798
812
816
818
826
830
832
834
836
838
852
854
856
858
870
872
874
876
878
886
888
892
894
898
902
906
908
912
914
916
930
932
934
936
938
952
954
970
972
974
976
990
992
994
996
998
311
313
315
317
319
335
349
351
353
355
357
359
371
373
375
377
379
391
393
395
411
413
415
417
419
421
427
429
431
433
435
437
439
451
453
459
471
473
475
477
479
483
511
513
515
517
519
523
527
531
533
535
537
539
543
551
553
555
557
559
561
563
565
571
573
575
577
579
591
593
595
597
599
631
633
635
663
691
701
711
713
715
717
719
731
735
737
739
743
745
751
753
755
757
759
763
769
771
773
775
777
779
791
793
795
797
799
813
817
825
827
831
833
835
837
839
851
853
855
857
859
871
873
875
877
879
883
887
891
893
895
903
909
911
913
915
917
919
931
933
935
937
939
941
943
951
953
955
971
977
979
991
993
997
999
9999
